72.000000 
66.000000 
64.000000 
65.000000 
67.000000 
91.000000 
71.000000 
64.000000 
69.000000 
69.000000 
69.000000 
68.000000 
70.000000 
68.000000 
71.000000 
67.000000 
66.000000 
63.000000 
72.000000 
66.000000 
63.000000 
74.000000 
78.000000 
69.000000 
74.000000 
81.000000 
71.000000 
65.000000 
73.000000 
78.000000 
90.000000 
68.000000 
64.000000 
90.000000 
65.000000 
80.000000 
95.000000 
77.000000 
69.000000 
68.000000 
83.000000 
67.000000 
83.000000 
63.000000 
64.000000 
69.000000 
72.000000 
67.000000 
64.000000 
69.000000 
