19.995699 0.000000 2.000000 
19.995520 0.000000 2.000000 
19.995340 0.000000 2.000000 
19.995161 0.000000 2.000000 
19.994982 0.000000 2.000000 
19.994803 0.000000 2.000000 
19.994624 0.000000 2.000000 
19.994445 0.000000 2.000000 
19.994265 0.000000 2.000000 
19.994086 0.000000 2.000000 
19.993907 0.000000 2.000000 
19.993728 0.000000 2.000000 
19.993549 0.000000 2.000000 
19.993370 0.000000 2.000000 
19.993191 0.000000 2.000000 
19.993012 0.000000 2.000000 
19.992832 0.000000 2.000000 
19.992653 0.000000 2.000000 
19.992474 0.000000 2.000000 
19.992295 0.000000 2.000000 
19.992116 0.000000 2.000000 
19.991937 0.000000 2.000000 
19.991758 0.000000 2.000000 
19.991579 0.000000 2.000000 
19.991399 0.000000 2.000000 
19.991220 0.000000 2.000000 
19.991041 0.000000 2.000000 
19.990862 0.000000 2.000000 
19.990683 0.000000 2.000000 
19.990504 0.000000 2.000000 
19.990325 0.000000 2.000000 
19.990146 0.000000 2.000000 
19.989967 0.000000 2.000000 
19.989788 0.000000 2.000000 
19.989609 0.000000 2.000000 
19.989430 0.000000 2.000000 
19.989250 0.000000 2.000000 
19.989071 0.000000 2.000000 
19.988892 0.000000 2.000000 
19.988713 0.000000 2.000000 
19.988534 0.000000 2.000000 
19.988355 0.000000 2.000000 
19.988176 0.000000 2.000000 
19.987997 0.000000 2.000000 
19.987818 0.000000 2.000000 
19.987639 0.000000 2.000000 
19.987460 0.000000 2.000000 
19.987281 0.000000 2.000000 
19.987102 0.000000 2.000000 
19.986923 0.000000 2.000000 
